464	1 0 6 5 
462	3 1 1 8 
461	4 5 1 7 
460	1 0 5 3 
459	4 5 1 6 
458	4 4 1 5 
451	1 1 5 2 
446	3 1 1 7 
444	3 6 1 9 
443	3 6 1 8 
441	3 5 1 7 
439	1 5 3 9 
438	1 1 5 4 
437	1 3 4 8 
434	1 2 5 4 
433	1 2 5 3 
432	1 1 4 8 
429	1 3 3 9 
428	1 0 3 8 
424	2 5 4 6 
423	4 1 2 5 
421	2 2 5 7 
420	2 1 5 7 
419	2 1 5 6 
412	2 0 4 5 
411	2 3 4 7 
403	5 2 
402	4 5 
401	3 3 5 4 
399	2 1 5 4 
397	2 1 5 2 
394	2 2 5 3 
392	2 3 5 5 
391	2 2 5 4 
389	2 4 5 6 
387	4 7 
385	4 1 6 5 
380	3 4 5 6 
407	2 1 4 7 
379	3 0 
377	3 2 5 3 
448	1 3 5 4 
373	3 1 5 3 
369	4 2 2 4 
368	4 3 2 4 
367	4 4 2 6 
360	2 4 4 7 
463	1 0 6 4 
356	2 4 4 5 
355	2 1 4 2 
353	2 0 4 3 
370	4 1 2 3 
352	4 0 2 2 
349	5 1 2 4 
348	4 0 2 3 
344	4 3 
343	1 4 4 6 
341	4 0 1 2 
338	4 3 1 5 
335	4 1 1 2 
333	4 2 1 3 
332	1 1 4 7 
331	1 1 4 2 
329	1 2 4 7 
325	1 0 4 5 
324	1 4 4 7 
322	1 4 3 9 
357	2 0 4 1 
347	4 0 2 4 
321	0 1 5 4 
320	0 3 5 7 
316	0 3 4 8 
315	4 1 0 3 
310	0 0 4 8 
418	2 1 5 5 
309	2 4 0 8 
308	0 7 2 9 
326	1 0 4 6 
307	0 4 2 9 
305	3 7 0 8 
382	4 1 
304	3 1 0 6 
383	4 1 6 3 
350	2 2 5 5 
302	0 3 4 7 
300	3 0 0 8 
299	3 0 0 7 
297	0 5 3 6 
295	0 6 3 8 
410	1 3 4 7 
294	3 0 0 6 
289	5 3 0 6 
318	0 2 5 6 
287	5 2 0 5 
286	5 2 0 4 
285	5 3 0 4 
284	5 2 0 3 
283	0 0 5 2 
278	4 2 0 6 
430	1 1 3 9 
277	4 2 0 4 
408	1 3 4 4 
276	0 0 4 2 
417	2 2 5 6 
274	0 1 3 8 
273	0 5 3 9 
271	3 4 0 7 
270	0 5 3 8 
269	0 4 3 8 
268	3 5 0 7 
267	3 6 0 7 
456	5 2 3 3 
264	0 0 5 3 
386	4 2 
263	0 3 4 6 
261	0 1 4 4 
260	4 1 0 2 
258	4 3 0 4 
257	4 4 0 5 
256	4 2 0 3 
457	4 4 1 6 
255	0 5 2 9 
251	2 3 0 8 
346	1 6 4 9 
250	0 0 2 9 
249	0 0 4 7 
262	0 0 4 1 
248	0 9 
245	0 1 4 2 
454	3 9 
244	0 2 4 5 
236	3 2 0 4 
235	0 3 3 4 
362	2 3 4 4 
233	3 4 0 6 
330	1 5 4 8 
317	0 1 5 5 
232	0 2 3 8 
229	3 0 0 4 
227	3 0 0 1 
228	3 0 0 2 
265	0 6 2 9 
226	3 0 0 3 
365	2 3 4 6 
225	0 0 3 8 
378	3 7 
224	0 0 3 7 
222	0 4 3 7 
221	0 2 3 7 
220	0 3 3 8 
219	0 3 3 7 
252	0 3 2 9 
218	0 1 3 7 
217	0 1 3 2 
210	0 2 3 4 
209	3 2 0 3 
208	0 3 3 6 
314	4 1 0 4 
207	0 1 3 6 
205	3 1 0 4 
200	0 0 3 5 
234	3 4 0 5 
206	0 1 3 5 
196	0 1 3 3 
193	2 3 0 7 
188	2 2 0 7 
404	5 3 
384	4 1 6 4 
186	0 1 2 8 
413	2 0 4 7 
185	0 8 
259	4 5 0 6 
184	0 2 2 7 
194	0 1 2 9 
183	0 3 2 8 
440	1 1 5 3 
181	0 0 2 7 
179	0 1 2 7 
177	2 7 0 8 
388	4 6 
303	2 4 0 7 
190	2 0 0 8 
211	0 2 3 6 
176	2 1 0 7 
172	2 1 0 6 
171	2 1 0 5 
301	3 2 0 6 
167	2 0 0 5 
165	2 0 0 6 
230	3 1 0 2 
164	2 0 0 7 
169	2 6 0 7 
327	1 2 4 6 
161	0 6 2 8 
426	4 0 1 4 
160	0 5 2 7 
323	1 3 4 6 
159	0 2 2 6 
156	2 5 0 6 
174	2 6 0 8 
155	2 4 0 6 
231	3 1 0 5 
151	2 3 0 6 
150	2 3 0 5 
149	0 0 2 6 
146	2 0 0 3 
266	3 5 0 6 
145	2 0 0 2 
143	0 0 2 4 
340	1 5 4 7 
238	0 0 4 4 
138	0 4 2 6 
395	2 3 5 4 
134	0 3 2 5 
140	0 4 2 7 
409	1 4 4 5 
133	0 2 2 5 
130	0 3 2 4 
129	2 3 0 4 
144	0 0 2 5 
290	0 0 6 4 
127	2 1 0 2 
124	0 1 2 3 
178	0 6 2 7 
122	0 7 
334	4 2 1 4 
288	5 3 0 5 
118	0 6 
117	0 5 
280	0 1 4 6 
115	3 6 
213	0 2 3 3 
113	3 2 
180	0 7 2 8 
449	1 3 5 5 
435	1 1 5 5 
393	2 1 5 3 
381	3 3 5 5 
342	4 1 1 4 
108	4 1 2 2 
447	3 1 1 6 
137	2 2 0 5 
241	0 2 4 4 
105	4 2 2 3 
312	2 0 0 9 
100	2 2 4 7 
337	4 3 1 4 
126	0 1 2 2 
96	2 7 
398	2 3 5 6 
97	2 8 
123	0 0 
336	4 2 1 5 
89	2 1 
102	2 2 4 5 
87	1 4 3 8 
375	3 1 5 5 
86	1 7 3 8 
141	0 0 2 2 
442	3 5 1 8 
85	1 3 3 7 
84	3 4 1 8 
83	3 4 1 7 
111	3 3 
170	2 2 0 6 
81	3 0 1 5 
254	0 0 5 5 
94	2 6 
79	1 6 3 9 
77	1 5 3 8 
153	0 1 2 4 
78	1 6 3 8 
90	2 3 
450	1 0 5 2 
74	1 3 4 5 
72	1 5 3 6 
293	0 8 2 9 
107	2 4 4 6 
71	1 0 5 5 
70	1 0 5 4 
131	2 2 0 3 
69	1 0 5 6 
296	0 4 3 5 
101	2 2 4 6 
67	3 3 1 7 
136	2 4 0 5 
110	2 5 4 7 
66	3 2 1 6 
239	0 0 4 3 
242	0 2 4 6 
366	4 4 2 5 
65	4 1 1 3 
400	3 2 5 5 
191	0 2 2 9 
64	1 0 4 2 
61	1 1 4 6 
453	3 3 5 6 
73	1 2 4 5 
166	2 0 0 4 
372	3 1 5 2 
306	0 2 4 3 
128	0 2 2 3 
339	4 3 1 6 
60	1 1 4 3 
59	1 1 4 4 
135	0 3 2 6 
75	1 3 3 6 
57	3 5 1 6 
319	0 0 5 6 
104	2 3 4 5 
56	3 3 1 4 
282	4 3 0 6 
182	0 0 2 8 
197	0 0 3 2 
351	4 1 2 4 
55	3 4 1 5 
243	0 2 4 7 
445	1 6 4 8 
359	2 0 4 4 
54	3 0 1 1 
62	1 2 4 3 
363	2 1 4 6 
291	0 0 6 5 
58	3 6 1 7 
52	1 1 4 5 
51	1 6 3 7 
47	1 8 
374	3 1 5 4 
46	1 0 4 1 
80	3 0 1 6 
281	4 3 0 5 
246	0 1 4 3 
313	0 3 4 5 
43	1 3 3 5 
48	1 9 
175	2 1 0 8 
201	0 0 3 1 
103	2 9 
390	2 0 5 2 
40	1 2 3 8 
275	3 2 0 5 
39	1 2 3 7 
38	3 1 1 5 
99	2 2 4 8 
82	3 4 1 6 
37	1 5 3 7 
109	2 2 4 3 
114	3 5 
173	0 5 2 8 
36	1 1 3 8 
34	1 2 3 6 
422	5 2 2 5 
212	0 3 3 5 
32	1 1 3 6 
465	4 7 2 8 
31	1 1 3 5 
168	0 1 2 6 
427	4 0 1 3 
35	1 4 3 5 
125	0 2 2 4 
25	1 0 3 3 
292	0 1 6 6 
152	2 1 0 3 
371	3 1 
311	0 0 4 9 
98	2 2 4 4 
452	1 4 5 5 
53	1 1 5 6 
163	2 5 0 7 
23	3 3 1 5 
22	3 2 1 4 
154	2 1 0 4 
19	3 1 1 4 
45	1 0 4 4 
198	0 0 3 4 
158	0 1 2 5 
436	4 2 1 6 
30	3 2 1 5 
157	0 5 2 6 
396	2 4 5 5 
17	1 2 3 5 
425	2 4 4 8 
26	1 0 3 7 
42	1 4 3 6 
240	0 0 4 6 
406	3 8 
33	1 1 3 7 
328	1 2 4 8 
15	1 1 3 2 
142	0 0 2 3 
203	0 2 3 5 
11	1 0 3 4 
247	0 1 4 5 
119	0 4 
132	2 2 0 4 
223	0 4 3 6 
24	1 3 3 4 
214	3 3 0 5 
112	3 4 
361	2 1 4 4 
49	3 1 1 2 
279	4 2 0 5 
10	1 0 3 1 
237	0 0 4 5 
298	3 0 0 5 
27	3 0 1 3 
95	2 0 
414	2 0 4 8 
405	5 4 
148	2 0 0 1 
272	0 5 3 7 
14	1 1 3 3 
8	1 7 
7	1 0 
29	3 0 1 4 
20	3 1 1 3 
415	2 0 4 6 
116	0 2 
147	0 0 2 1 
162	0 3 2 7 
187	0 2 2 8 
9	1 0 3 2 
5	1 4 
120	0 3 
364	2 1 4 5 
199	0 0 3 3 
416	2 0 5 3 
4	1 3 
93	2 5 
6	1 6 
76	1 4 3 7 
63	1 2 4 4 
139	0 4 2 5 
431	1 1 4 9 
2	1 2 
195	0 1 3 4 
13	1 0 3 6 
41	1 2 3 9 
121	0 1 
345	4 4 
1	1 1 
192	0 4 2 8 
92	2 2 
189	2 2 0 8 
16	1 1 3 4 
68	3 3 1 6 
354	2 0 4 2 
215	3 3 0 4 
18	1 2 3 4 
358	4 0 2 5 
21	1 2 3 3 
91	2 4 
12	1 0 3 5 
216	3 3 0 6 
106	2 1 4 3 
28	3 0 1 2 
50	3 2 1 3 
202	0 0 3 6 
204	3 1 0 3 
253	0 0 5 4 
3	1 5 
455	4 0 
376	3 2 5 4 
88	1 3 3 8 
44	1 0 4 3 
0	
